PHENO	pred_prob
1	0.736683810650357
1	0.782769304326378
1	0.729527374933729
1	0.465881884317172
1	0.665865243871801
1	0.678757381569426
1	0.621661836687009
1	0.488280950046529
1	0.352666465043845
1	0.566406144069292
1	0.674931536323661
1	0.698569597201983
1	0.715852562680861
1	0.583982289461914
1	0.59883649196362
1	0.46018756072527
1	0.831206874988861
1	0.536430336845886
1	0.25905780758284
1	0.558484308546759
1	0.713918363978756
1	0.604041558731077
1	0.488123484894394
1	0.389139477271164
1	0.46556329686765
1	0.607400850521802
1	0.700014553576226
1	0.337961009372098
1	0.39566171416238
1	0.271689499899952
1	0.789699551509137
1	0.31242464365132
1	0.647441808405076
1	0.708890925886202
1	0.72250415477159
1	0.609750960826607
1	0.311061139555478
1	0.824574666286491
1	0.686390647783165
1	0.530090804416487
1	0.586147554601603
1	0.302939138877342
1	0.584376064768332
1	0.685280815376746
1	0.557264343034131
1	0.67478624429141
1	0.615285502214562
1	0.603653941792313
1	0.728101637447999
1	0.664247117515317
1	0.616334557729542
1	0.715241211860925
1	0.71917747015235
1	0.493320681936904
1	0.84033848999053
1	0.513662114044852
1	0.204583519363742
1	0.579001873541387
1	0.610252635688631
1	0.410461388238315
1	0.543723567321351
1	0.708005874149924
1	0.487488542843033
1	0.685096066410645
1	0.616086628547994
1	0.583247394917306
1	0.440700300886546
1	0.869789939492157
1	0.496187186559074
1	0.688542621968865
1	0.665373503379581
1	0.502326631495152
1	0.594904639666741
1	0.608068405784108
1	0.485125506933659
1	0.876174993422722
1	0.43283657480116
1	0.665620021692342
1	0.454023467763131
1	0.74758472987275
1	0.281185928589314
1	0.695052574187121
1	0.589776529468599
1	0.682760944111592
1	0.52957217487454
1	0.715306366904869
1	0.608304059963914
1	0.369478051477809
1	0.71255730428694
1	0.820177555474133
1	0.188935378471752
1	0.715408222584196
1	0.345677099063081
1	0.435839784262471
1	0.567548010207863
1	0.831817876732183
1	0.643859369155907
1	0.592055421301752
1	0.423489412108786
1	0.676702663946548
1	0.528777206382949
1	0.426521327736224
1	0.693458371933302
1	0.735896160646496
1	0.445393540600918
1	0.89292783731613
1	0.639218595652405
1	0.644875122679451
1	0.455438041320186
1	0.121182088139417
1	0.469611173884046
1	0.698515548352767
1	0.409425710049325
1	0.543247597079736
1	0.533037554507522
1	0.676120691167759
1	0.400809631875939
1	0.643444013470922
1	0.811041928204517
1	0.49375705619379
1	0.86649999488164
1	0.501925864868989
1	0.74420266990649
1	0.466141751083964
1	0.526366794346701
1	0.576477195703115
1	0.412863803415381
1	0.685122585060916
1	0.113855280541361
1	0.706306607378638
1	0.490670741545049
1	0.78934420309644
1	0.243057855514571
1	0.804372949016982
1	0.693861149766468
1	0.811167675844215
1	0.853438505497962
1	0.438731248625305
1	0.702283594639362
1	0.832447165164607
1	0.695481078407092
1	0.413955140495781
1	0.385759829220993
1	0.856119850862459
1	0.646361572020875
1	0.576803598635601
1	0.711707089529846
1	0.249275401698626
1	0.260226708527275
1	0.864413833103871
1	0.809515893095386
1	0.693772270670592
1	0.70895645001627
1	0.344445314699961
1	0.654813028378291
1	0.39294846536975
1	0.758347139510064
1	0.643361015014739
1	0.694486285399741
1	0.569101126513232
1	0.264322167437338
1	0.474930856372456
1	0.319425943265395
1	0.49053837808622
1	0.84565572766076
1	0.806397829472962
1	0.269958972749733
1	0.734099335649273
1	0.488600995341464
1	0.523600156447403
1	0.232424595369642
1	0.816209264673441
1	0.739987898895301
1	0.476024540123574
1	0.495060700995221
1	0.714117950621509
1	0.774981618434119
1	0.454695320012429
1	0.651925042679211
1	0.793428280374011
1	0.770399232320362
1	0.541326714583001
1	0.64781660459064
1	0.614994869176639
1	0.82207220352429
1	0.608407035402336
1	0.803951522267052
1	0.82748977165087
1	0.64714428161806
1	0.82786166268938
1	0.721410009547441
1	0.775111191931946
1	0.744540597887839
1	0.423686344750292
1	0.411040190174
1	0.570892720142961
1	0.305634043725195
1	0.654087039367029
1	0.628023836161935
1	0.538972962109709
1	0.71280402561478
1	0.723588168310875
1	0.545055166871204
1	0.609918812993127
1	0.642302272308867
1	0.545009949861584
1	0.664625945524816
1	0.30444192134659
1	0.754293667189365
1	0.732992494018274
1	0.439715993793081
1	0.469301572371024
1	0.7264042067698
1	0.843086745241373
1	0.682080822749462
1	0.466931676777203
1	0.858784999936496
1	0.522379761309417
1	0.602973222806472
1	0.704035685036989
1	0.638579241331991
1	0.735416681046496
1	0.679220620042443
1	0.611281761511637
1	0.760698133519009
1	0.198644050296491
1	0.521161464386239
1	0.681139483977823
1	0.691461166631213
1	0.59637390442856
1	0.787045979947619
1	0.438120433955196
1	0.610610634482881
1	0.554719299771725
1	0.496107608992235
1	0.313421946692749
1	0.638606711238323
1	0.895447921719838
1	0.708297211433364
1	0.345377035826205
1	0.428762722863821
1	0.441700523991382
1	0.619704753355037
1	0.593788492242129
1	0.229790974662607
1	0.854167467710871
1	0.785806829392016
1	0.409613625454105
1	0.882817478322949
1	0.817360398871876
1	0.404119690918952
1	0.552120320406426
1	0.434740082443838
1	0.621235622533423
1	0.368824269840126
1	0.52322954857115
1	0.660424749724192
1	0.550694459346466
1	0.547855575937425
1	0.924014898351632
1	0.387429175240586
1	0.615482503633196
1	0.605976189486037
1	0.527291653603563
1	0.693624494207485
1	0.604513252923524
1	0.806496377372848
1	0.732810495346802
1	0.825111615826235
1	0.335963080066991
1	0.286914951697767
1	0.504656705480399
1	0.123133977075173
1	0.677167971827461
1	0.802098672871714
1	0.645154615976898
1	0.505796983330477
1	0.672087498776874
1	0.4796258627705
1	0.764724847627985
1	0.563860995194001
1	0.754029328690373
1	0.632919143924918
1	0.558054364973843
1	0.340275253784311
1	0.643947379198784
1	0.709358362595286
1	0.856995271437749
1	0.447664774401156
1	0.647102679980665
1	0.798119199931182
1	0.477598110281644
1	0.447075675570441
1	0.505758963325746
1	0.696441202499437
1	0.70454802509806
1	0.684340927423971
1	0.85049658894668
1	0.745918963597595
1	0.81414612051542
1	0.730589073240109
1	0.49048589862651
1	0.553256984628464
1	0.493394548467602
1	0.78227347859479
1	0.190694828959668
1	0.424550093313471
1	0.671278361446249
1	0.767885117080062
1	0.600060997700482
1	0.84533575435187
1	0.488544988923584
1	0.815559607462533
1	0.726170765151043
1	0.563686889360338
1	0.634545354558239
1	0.735026024109279
1	0.236506624297815
1	0.546691273902008
1	0.724719523468743
1	0.589881552251907
1	0.473282609036846
1	0.637615171294505
1	0.248429225845209
1	0.260419312124327
1	0.874921785771769
1	0.785320292434742
1	0.838566137930624
1	0.232966660687673
1	0.541724491001586
1	0.323550772863923
1	0.573322044840173
1	0.230142973810377
1	0.58253013867551
1	0.778383630159664
1	0.772111723219924
1	0.428931441794651
1	0.611773126818688
1	0.410521928419368
1	0.724760029408878
1	0.314849267985053
1	0.766249410437091
1	0.762602685389465
1	0.310028863037586
1	0.525018902207283
1	0.794746165470005
1	0.661622061508106
1	0.827035379318143
1	0.541933985314716
1	0.313000086976267
1	0.472932356019427
1	0.536750086170385
1	0.381772579647659
1	0.824502823719295
1	0.693376716643808
1	0.552196855312486
1	0.763622583469027
1	0.800669586385032
1	0.657785448710118
1	0.789637607181559
1	0.42741202746902
1	0.643820744917603
1	0.402663987591716
1	0.845910017212533
1	0.768537832359403
1	0.332959129795241
1	0.412365051430229
1	0.646751096616692
1	0.738366509687739
1	0.649529519267793
1	0.615662001938728
1	0.73604626930393
1	0.673538330714524
1	0.387614822998258
1	0.600705103762414
1	0.740808621237572
1	0.310733259532533
1	0.593486419988015
1	0.489228326786405
1	0.87540621341323
1	0.289946952842086
1	0.546408269556626
1	0.518909789119864
1	0.468166749077923
1	0.479922043412979
1	0.784180203408053
1	0.571059903277059
1	0.75186253330057
1	0.462195959035309
1	0.472602200617847
1	0.658621716252147
1	0.41459607212565
1	0.396945303320471
1	0.468667344034897
1	0.707814856695302
1	0.688063111970634
1	0.782937033783932
1	0.49083654608542
1	0.828398409019937
1	0.706919557560077
1	0.599755160967468
1	0.685776780400714
1	0.428901730981632
1	0.574466712740284
1	0.610747420383413
1	0.67415881418827
1	0.42440687358432
1	0.800114568257428
1	0.690375171167373
1	0.266305913068839
1	0.86286448557836
1	0.796825134405078
1	0.326248628875484
1	0.610368742334268
1	0.54365039169555
1	0.416544956621127
1	0.524603457126902
1	0.75718159284272
1	0.649963360708478
1	0.337785164095259
1	0.713672673891019
1	0.845791598104904
1	0.450937843415944
1	0.235965764112919
1	0.66621067855667
1	0.690754311836129
1	0.608556423342015
1	0.755103561760315
1	0.863004021058087
1	0.642242877656777
1	0.528493293686698
1	0.560197513863417
1	0.57824738644535
1	0.664991697926647
1	0.214304671487331
1	0.487563465460582
1	0.644868345953665
1	0.75586234973779
1	0.669212263698395
1	0.436844903620482
1	0.881130583150183
1	0.661388526610013
1	0.853769946610422
1	0.31627330187549
1	0.837999962169541
1	0.566834860251562
1	0.50497444554692
1	0.38963236249707
1	0.511227058155969
1	0.60868454667816
1	0.613097410126585
1	0.818175092606849
1	0.576077901173108
1	0.754843777587881
1	0.694894843995059
1	0.702647641422235
1	0.290871142416373
1	0.874718071511609
1	0.598671579695617
1	0.467844918864112
1	0.182752750189843
1	0.579851247722591
1	0.650867736275418
1	0.491906602282343
1	0.763868795969554
1	0.642804864971764
1	0.584269337413481
1	0.422247266282446
1	0.709413455217513
1	0.628557466771533
1	0.594664327132959
1	0.418053675128042
1	0.360921956584288
1	0.452500765810787
1	0.289710057251771
1	0.712079661401055
1	0.731248621939795
1	0.174839541628167
1	0.651225184338282
1	0.599839851124486
1	0.49894540584816
1	0.729496768950388
1	0.836343484628964
1	0.856604539863682
1	0.406972204128209
1	0.732946149603482
1	0.845152459402475
1	0.770902186988175
1	0.836356768550974
1	0.445449818804608
1	0.738966399634445
1	0.558641692021265
1	0.433010590493198
1	0.722026424931116
1	0.422643720853299
1	0.896436210756603
1	0.559105806848332
1	0.47249092829949
1	0.482988450978765
1	0.357711699097666
1	0.492395366687719
1	0.49324033497904
1	0.522900148767273
1	0.631647413459674
1	0.706290264582202
1	0.67510307540973
1	0.808049327444637
1	0.401361336670063
1	0.528517504948289
1	0.712211340039362
1	0.84668195969462
1	0.739254826521843
1	0.456574267298924
1	0.399238852518872
1	0.541736148810763
1	0.369313158604682
1	0.568582674339619
1	0.565459624564563
1	0.75526610622379
1	0.532907277836151
1	0.672799108999473
1	0.394677047859321
1	0.63994919711275
1	0.648563838367074
1	0.424665223741315
1	0.357103338032489
1	0.567966388853013
1	0.495336192297977
1	0.581688626181574
1	0.388555156878693
1	0.615989539863953
1	0.835442016933247
1	0.683011293616636
1	0.656600184038433
1	0.622978309545808
1	0.839160758132556
1	0.578184495536349
1	0.594357087274533
1	0.761782857006772
1	0.672410841497095
1	0.671302718880359
1	0.382465586908404
1	0.277656307203492
1	0.818567347763758
1	0.701107007393017
1	0.487514831913227
1	0.531088530436333
1	0.762494411495779
1	0.181542858470117
1	0.468757449402234
1	0.853582870276821
1	0.817083351728563
1	0.390275080336688
1	0.424045385171926
1	0.756493451295495
1	0.368272709435449
1	0.703753465414705
1	0.590204686962258
1	0.674665177474823
1	0.551944354376685
1	0.444918854142256
1	0.839062077201526
1	0.867325703739233
1	0.596481671902456
1	0.383862455742357
1	0.486742285376903
1	0.630498344170063
1	0.471591437349066
1	0.616072759907428
1	0.648145925738631
1	0.594989389505121
1	0.0959510930841393
1	0.503247538416318
1	0.592296019784583
1	0.800603126303344
1	0.840379952957371
1	0.347479494123011
1	0.405204186824158
1	0.384957221024384
1	0.905294436216517
1	0.750996312855762
1	0.703429931976709
1	0.679343190717819
1	0.702547618536245
1	0.870152776523124
1	0.606837541878124
1	0.722543046208448
1	0.476798213286474
1	0.469564217675146
1	0.382637777556781
1	0.728364095807377
1	0.568987468175922
1	0.588507488922188
1	0.611848135624066
1	0.656288895720147
1	0.847263074597615
1	0.702532681257952
1	0.686488869681743
1	0.5762961963543
1	0.607759719835169
1	0.763946697824604
1	0.67135445055045
1	0.2300647200006
1	0.346887554574761
1	0.450694377396703
1	0.813866529308581
1	0.357332751708325
1	0.284122582370635
1	0.588911396212355
1	0.701346682989799
1	0.799914284971587
1	0.802323327657588
1	0.442569762896463
1	0.298555996810836
1	0.92901674574022
1	0.303403129861183
1	0.609559340086908
1	0.687605670608351
1	0.48629630707757
1	0.82597317787189
1	0.450808452017708
1	0.708348562102523
1	0.726517385069923
1	0.511440180596448
1	0.484763375940143
1	0.2338289759108
1	0.50484866803935
1	0.823514050060587
1	0.87632573897436
1	0.344467347074332
1	0.719313809794476
1	0.674465824772003
1	0.663458927823229
1	0.434670261755476
1	0.604998665616188
1	0.753439633793037
1	0.433078894155628
1	0.743072325541455
1	0.838688296179313
1	0.523153779064932
1	0.783491387680137
1	0.645626532921238
1	0.327075602862653
1	0.84234516022258
1	0.431506265540731
1	0.472804569211757
1	0.519653768043648
1	0.833678505622923
1	0.370094317957955
1	0.414588042241108
1	0.575833663959452
1	0.927799701475699
1	0.444804024691819
1	0.484055930793591
1	0.701945746427175
1	0.496570903339608
1	0.473037485971078
1	0.62059435729938
1	0.575678715628964
1	0.735323846429072
1	0.565890059487438
1	0.608315146059736
1	0.450065344919589
1	0.688974578252264
1	0.214253313314721
1	0.780195501921932
1	0.408528974559984
1	0.805705202069964
1	0.575613018324176
1	0.750159297066451
1	0.838604431470031
1	0.369176187069886
1	0.381378868457482
1	0.620438531232805
1	0.831088502280686
1	0.666724624179927
1	0.546564869081608
1	0.774061408972947
1	0.557886570774715
1	0.358106106978655
1	0.514595393567617
1	0.714946999577497
1	0.453579758343294
1	0.860953838084611
1	0.710245878563341
1	0.698035536181315
1	0.640109619715375
1	0.482592309882912
1	0.858852708245629
1	0.568324828747224
1	0.472595451722058
1	0.497267460101875
1	0.327181902282421
1	0.180694212858249
1	0.863528418728825
1	0.265368528793142
1	0.520014233931982
1	0.255778948867016
1	0.708780584135883
1	0.494607441312156
1	0.558582092554663
1	0.361792531921144
1	0.545170270034607
1	0.446732152410997
1	0.410235908742999
1	0.846864319339544
1	0.504111353189412
1	0.870851144091589
1	0.735488050346697
1	0.521259796385833
1	0.440463355604484
1	0.498704143139778
1	0.604267526565166
1	0.781221264027407
1	0.53182361445948
1	0.794808560488496
1	0.720961523064383
1	0.863102795310237
1	0.831006706703863
1	0.796786288437029
1	0.557498775077182
1	0.265917590023479
1	0.593955162341681
1	0.836687729389975
1	0.703503964260705
1	0.838204162787992
1	0.588661939876172
1	0.440620732013074
1	0.546559536132887
1	0.267588342969293
1	0.478500336496101
1	0.520467797273859
1	0.613981047620205
1	0.726624559038896
1	0.468302717949534
1	0.139357782984656
1	0.580573281679929
1	0.823494093058707
1	0.693331875336289
1	0.44578499103072
1	0.493136435400079
1	0.367537017717867
1	0.616574065432063
1	0.315838826027354
1	0.548842526990702
1	0.592787448945358
1	0.832897023830035
1	0.434263647483007
1	0.686718072937988
1	0.709420430181651
1	0.367571938836304
1	0.494980845734292
1	0.556370294202227
1	0.494657269516136
1	0.820128792614446
1	0.654046841791359
1	0.771202149363786
1	0.39173044877944
1	0.751885164164024
1	0.689962121371278
1	0.432103037143673
1	0.299342742277537
1	0.676974164741425
1	0.587560922781842
1	0.716601277574092
1	0.719885431856611
1	0.766476187693916
1	0.550814607724744
1	0.448632361988304
1	0.33292404244914
1	0.36545758837951
1	0.324124316314991
1	0.787923106455597
1	0.469187731795786
1	0.637810809942417
1	0.678002860221571
1	0.765358274807509
1	0.607441275633319
1	0.664146736608243
1	0.301656487039638
1	0.525330793795353
1	0.567499006429296
1	0.938684812244203
1	0.71708047200034
1	0.357262708016812
1	0.481937687532099
1	0.788622938095087
1	0.449994519672481
1	0.364089372356053
1	0.551895380458251
1	0.589485076215928
1	0.720134342363851
1	0.387488970412496
1	0.770640737425008
1	0.801617526163039
1	0.471456112763963
1	0.766509570539653
1	0.386649820714834
1	0.397465455186448
1	0.363444833766763
1	0.481107531762802
1	0.278040122901343
1	0.288076833703745
1	0.405566392246358
1	0.533837296729408
1	0.756366123109051
1	0.659333394699992
1	0.652842270614865
1	0.73114655847582
1	0.592670758150166
1	0.481718291937217
1	0.462075037189173
1	0.560763467208777
1	0.506741578518522
1	0.383324522547381
1	0.549333568398717
1	0.59317180730195
1	0.409217943177411
1	0.537536948469434
1	0.387249880030198
1	0.71014811640461
1	0.425648355805779
1	0.273468290177538
1	0.810425525003382
1	0.590652457226833
1	0.652369609249998
1	0.511191146880518
1	0.35434175493569
1	0.384419344552299
1	0.786529859489795
1	0.567024410466536
1	0.406133439811998
1	0.629864954342142
1	0.824115104187678
1	0.611136531493983
1	0.66584720507663
1	0.33245440039654
1	0.486482365539655
1	0.768322387898784
1	0.504851329880523
1	0.748359634118123
1	0.461189421317789
1	0.77357872456038
1	0.78159029947065
1	0.613145482348354
1	0.845161827929368
1	0.556188393569466
1	0.497707023681357
1	0.80766003093612
1	0.622122910258301
1	0.619497908892984
1	0.734728005815795
1	0.215593096760682
1	0.416327492211733
1	0.634229812560501
1	0.551753989596178
1	0.876994141993164
1	0.56864532131329
1	0.683563657800083
1	0.631881596507916
1	0.397224600263957
1	0.708117361227496
1	0.394955805202548
1	0.637484454823704
1	0.656590103626901
1	0.552094615314466
1	0.358795288882903
1	0.550704502277409
1	0.101879816097614
1	0.616252871116335
1	0.284432752776933
1	0.388901010702099
1	0.610166821897956
1	0.430609703103827
1	0.468955856867088
1	0.194125127592683
1	0.788812857280317
1	0.88679645500879
1	0.264598157770911
1	0.403542667609789
1	0.527528580331737
1	0.182705543537255
1	0.469344405707784
1	0.568156267798945
1	0.52333435398889
1	0.647807539333111
1	0.768222295576571
1	0.411184527608751
1	0.404351706278917
1	0.737732410223666
1	0.604159719640767
1	0.267223210710329
1	0.8010317701014
1	0.577030769178941
1	0.2919151925722
1	0.232387673052263
1	0.692071346393837
1	0.551330072029867
1	0.216423205175866
1	0.434824430685283
1	0.610518897993042
1	0.704131745359839
1	0.331274587166082
1	0.626966983734708
1	0.852216336834563
1	0.60945916690235
1	0.743157813860377
1	0.394628428614142
1	0.789585347228386
1	0.332853446855821
1	0.730220945004628
1	0.821756695441354
1	0.785477362432616
1	0.562013635081358
1	0.579047859805731
1	0.881782625002314
1	0.425988342386992
1	0.796301896982862
1	0.745483645544462
1	0.396533032338559
1	0.393728067606996
1	0.514085178674594
1	0.862391289084938
1	0.6145184846218
1	0.623238156972315
1	0.429477931653201
1	0.679760188800218
1	0.436658485815962
1	0.510857028743009
1	0.856551346864514
1	0.436437524794097
1	0.547917410261689
1	0.582291125791999
1	0.370327864530229
1	0.334373719120441
1	0.503121846564212
1	0.78653160307741
1	0.65736121505265
1	0.642280382296675
1	0.685635017646589
1	0.127076699876758
1	0.79533781985627
1	0.214683690310029
1	0.292244937644518
1	0.717985409072219
1	0.609323726394178
1	0.745940377269186
1	0.510499148209215
1	0.684574305931999
1	0.577333920010275
1	0.737017315297097
1	0.683472595698691
1	0.632125120574704
1	0.818798248287773
1	0.233363313885009
1	0.580823437359095
1	0.70345354047936
1	0.477779771925747
1	0.700065420964114
1	0.801567388402302
1	0.855150559534977
1	0.767608969262449
1	0.743122502420876
1	0.310882250685306
1	0.741541191925651
1	0.311646214816213
1	0.373632701248468
1	0.670865359091312
1	0.750483391558733
1	0.423163615106963
1	0.775123681913068
1	0.536013066826434
1	0.673745201329894
1	0.609959963990513
1	0.314368606368885
1	0.871073455246791
1	0.598578878339165
1	0.548227618420205
1	0.649811631530427
1	0.626299261185205
1	0.576423686642518
1	0.351318062173073
1	0.672841336315145
1	0.789381171474529
1	0.66031120338948
1	0.687226397734976
1	0.81814405301486
1	0.74696722513698
1	0.753225308036922
1	0.895579216611427
1	0.874984314777972
1	0.538494193582564
1	0.517143742856525
1	0.454559664147971
1	0.651892952394293
1	0.41307437486706
1	0.386311364680375
1	0.664598942098673
1	0.583973933000678
1	0.834816141577071
0	0.661378786275736
0	0.353228388022829
0	0.665246925855064
0	0.635431237085156
0	0.329484992397403
0	0.194259953881057
0	0.639535915806535
0	0.249513727333249
0	0.274767114197956
0	0.44868140397679
0	0.567613431881807
0	0.692898488470015
0	0.249570705036558
0	0.374973367377837
0	0.0772774736937365
0	0.312681601937846
0	0.312285660712887
0	0.526277155386424
0	0.256089474048202
0	0.662984557838446
0	0.698838718587465
0	0.417673972057406
0	0.794680979939999
0	0.248134264148627
0	0.22362122241122
0	0.143262849763396
0	0.331643483329397
0	0.315164033152168
0	0.141400121450819
0	0.457171669563991
0	0.565760404016135
0	0.666452417932447
0	0.520795114687728
0	0.29014861665471
0	0.535393877848674
0	0.314399334107389
0	0.343231739465284
0	0.587173591356442
0	0.353177041891209
0	0.597903177551951
0	0.261896221614439
0	0.240692484111878
0	0.145389208751056
0	0.70849215264886
0	0.709763074759388
0	0.138604422140499
0	0.465344131420237
0	0.380679669861312
0	0.403085999209258
0	0.13251251968231
0	0.623841223861084
0	0.306397727274711
0	0.387378093856327
0	0.5113488497689
0	0.360290562244465
0	0.765876710908236
0	0.318731894732646
0	0.653329498567468
0	0.233114711682552
0	0.550396317252762
0	0.297204856467689
0	0.745782374132272
0	0.184111366055648
0	0.26037503018532
0	0.322451631317825
0	0.20113278919236
0	0.50800183880559
0	0.63091398810415
0	0.718297356289552
0	0.699035080123672
0	0.351052264744493
0	0.306484980667434
0	0.471352138813513
0	0.437820919407954
0	0.446046907808085
0	0.34731924444038
0	0.533832107962321
0	0.313312532094919
0	0.267697507897781
0	0.614325448845827
0	0.481895820473959
0	0.398613577391324
0	0.530581428437967
0	0.323463793189054
0	0.586231978181436
0	0.139614205035914
0	0.371477165431412
0	0.116903625992772
0	0.144569451279315
0	0.233015768016104
0	0.252180838088376
0	0.465623024337578
0	0.380718275763798
0	0.376950690188094
0	0.623695532674543
0	0.343603131767379
0	0.612878075267027
0	0.189497071347334
0	0.393614603695753
0	0.51669713943076
0	0.272390708270143
0	0.83862565759194
0	0.557492445764458
0	0.428417400029532
0	0.345036399944084
0	0.237712422246028
0	0.754671548326046
0	0.411471557753143
0	0.592963198738919
0	0.420705445578016
0	0.823865152173648
0	0.593830970473187
0	0.673764239022231
0	0.220180333425994
0	0.528647851804224
0	0.279646858679419
0	0.348211717728559
0	0.368064957428663
0	0.749367483651948
0	0.304643168389451
0	0.50586866100188
0	0.405702283130609
0	0.391676018289997
0	0.398636678280087
0	0.514501115933366
0	0.207294305396717
0	0.66175486791581
0	0.702939028403869
0	0.430919043648242
0	0.503099410315937
0	0.356700742894518
0	0.153594288474405
0	0.281518663911771
0	0.316694255375647
0	0.28979464308215
0	0.555023070035413
0	0.154859573208801
0	0.187322924765276
0	0.4158667141438
0	0.563082221399589
0	0.478566071147216
0	0.53872651857399
0	0.293427841139008
0	0.147500666680508
0	0.135379391454185
0	0.759495757324219
0	0.307425392685956
0	0.504939889541608
0	0.289141673069548
0	0.298798256079339
0	0.742245850495694
0	0.392893611003019
0	0.163876453496791
0	0.189711188275185
0	0.154345379463165
0	0.443586110672641
0	0.224402058717257
0	0.299630727348148
0	0.429546105099592
0	0.555086417417657
0	0.309086874885542
0	0.697531917766701
0	0.67079277643197
0	0.488796799223388
0	0.591708701762744
0	0.119188303706439
0	0.582365283120482
0	0.581454866247919
0	0.384745715836842
0	0.756957920326538
0	0.369629034242406
0	0.526937670032965
0	0.636542303024949
0	0.744535275722651
0	0.618564023351561
0	0.271742055825864
0	0.862877867717539
0	0.163868620152237
0	0.445297644906
0	0.330031513498221
0	0.259311007657882
0	0.38339364941595
0	0.304403710573202
0	0.704875546009352
0	0.302166979826919
0	0.381684061889058
0	0.645072032248115
0	0.426457660498545
0	0.445792492514219
0	0.519546816984143
0	0.415116921853021
0	0.519513416054685
0	0.317521948500852
0	0.61423967337672
0	0.152648229524223
0	0.563053223887937
0	0.428353318255569
0	0.360378523412013
0	0.697532823932172
0	0.350055896701615
0	0.506970288993163
0	0.336069241563435
0	0.530030347187298
0	0.289767742726734
0	0.563473554125244
0	0.311344351747558
0	0.683695963472628
0	0.421626824878218
0	0.614876202207711
0	0.674357607356171
0	0.389330088261587
0	0.410586371849643
0	0.485667991737467
0	0.830080855834197
0	0.192852553470371
0	0.535579460370523
0	0.318042437573315
0	0.362817604063976
0	0.173816832109179
0	0.360889749387816
0	0.430089525561742
0	0.323061141399291
0	0.411527964901214
0	0.446269579527305
0	0.325586642721712
0	0.498714140309036
0	0.736115150725662
0	0.163576623722643
0	0.375698041623495
0	0.531737585809079
0	0.86229592446766
0	0.330025576937814
0	0.207097427276019
0	0.237027643433693
0	0.420567033413707
0	0.819162473336496
0	0.389978282918101
0	0.17731153453018
0	0.626944348565234
0	0.415186756756613
0	0.296429169590996
0	0.687011446209903
0	0.481697795720118
0	0.483564965533863
0	0.424874210372764
0	0.438948375874137
0	0.489736996224166
0	0.749065096076703
0	0.565656309748021
0	0.392829234725982
0	0.137391624341236
0	0.744030420008048
0	0.176058195861325
0	0.190603477497037
0	0.654892844468989
0	0.539444351545843
0	0.666844187489122
0	0.446730247886726
0	0.32356990930014
0	0.299486530985696
0	0.567252523641528
0	0.242770848415747
0	0.207773536148717
0	0.623958556577717
0	0.326053499358447
0	0.38895094508019
0	0.451548310907993
0	0.0888483533974981
0	0.320828637608348
0	0.167220433097004
0	0.48015053589778
0	0.413295411826915
0	0.559766912310567
0	0.23260475270552
0	0.367073418596248
0	0.570011474662516
0	0.613861899399931
0	0.536549287107326
0	0.623488940555793
0	0.0427724436851852
0	0.19660856149739
0	0.200492064163421
0	0.205969717055905
0	0.419792662508261
0	0.675033335096398
0	0.676797380339863
0	0.571687363546276
0	0.512376622863164
0	0.249029513175104
0	0.509771138230687
0	0.497262989072855
0	0.783946032325844
0	0.608607758607947
0	0.419671919667965
0	0.347501454956626
0	0.459973536864363
0	0.114564443797174
0	0.265364086228941
0	0.641735581374542
0	0.348630930711714
0	0.605529432949058
0	0.736265345540386
0	0.524227891220791
0	0.646918086004584
0	0.52767010493355
0	0.294162785951048
0	0.174326969021211
0	0.794707921423158
0	0.838376810089657
0	0.70568374255588
0	0.525274001266799
0	0.556851118294341
0	0.404050864608568
0	0.383663869635925
0	0.317184071047845
0	0.297985360059789
0	0.545853606333993
0	0.189032275090586
0	0.476419978274792
0	0.34960172658935
0	0.257899528211686
0	0.403480051769393
0	0.285669348284866
0	0.588320444365053
0	0.677483300147369
0	0.267477351900478
0	0.378447559558346
0	0.288922308425152
0	0.548583564619196
0	0.258055439695415
0	0.759358383731945
0	0.571456375845005
0	0.460894402507983
0	0.186124986045886
0	0.00934301109372352
0	0.615801875839732
0	0.791554765973299
0	0.397874819065797
0	0.238404098627588
0	0.431508596265676
0	0.366786680853155
0	0.21381721010204
0	0.522075616932278
0	0.184108689540717
0	0.0973336456814066
0	0.550354253604314
0	0.364810180526352
0	0.807434247866921
0	0.386209807939319
0	0.678243113707802
0	0.50043094389799
0	0.565671473853446
0	0.590054320725881
0	0.679039848323406
0	0.313958140926766
0	0.440378717155931
0	0.324882488055544
0	0.308194830149126
0	0.351460495132658
0	0.261255367712913
0	0.535079900267909
0	0.393090561138592
0	0.340486029505827
0	0.212151182960915
0	0.397964658224731
0	0.247045040231459
0	0.348175283082922
0	0.277522470235588
0	0.274253158009112
0	0.379249092488612
0	0.316176301985821
0	0.498612334613622
0	0.606917820635452
0	0.698610340884622
0	0.347722966517908
0	0.759347429967412
0	0.427331213940896
0	0.370089474555583
0	0.316215513325626
0	0.171358263688283
0	0.230865933546747
0	0.448249310893937
0	0.494036426292976
0	0.41257871348791
0	0.127793287880603
0	0.409641301326317
0	0.652274932251981
0	0.166230957113784
0	0.103089272039395
0	0.0706943467573817
0	0.356126596304959
0	0.150386923538781
0	0.475675350131075
0	0.608591375162057
0	0.559889335826
0	0.354211049835352
0	0.255790040199155
0	0.283125628081786
0	0.161583351196485
0	0.775457601931258
0	0.298368183919966
0	0.747173363829076
0	0.515433240863214
0	0.248136986748385
0	0.667005476140361
0	0.483810353458555
0	0.192202887055884
0	0.590830546632589
0	0.129469918749092
0	0.210295919004451
0	0.490654764643438
0	0.626867378940347
0	0.355487967769554
0	0.302735897030359
0	0.664951281310505
0	0.360501866766671
0	0.585813283884044
0	0.506032254677056
0	0.285281171941026
0	0.486911256387356
0	0.463195872410071
0	0.547540816336709
0	0.353214630541218
0	0.141868547647382
0	0.242267029391544
0	0.248920865298502
0	0.468330367498562
0	0.705010049177632
0	0.728121891885874
0	0.76166745720408
0	0.625673051094847
0	0.549257339419297
0	0.258078884648854
0	0.808883173882978
0	0.521034294286997
0	0.0258460732365611
0	0.303370307962542
0	0.401336411081361
0	0.459426698982646
0	0.559798522673454
0	0.78174818373962
0	0.16185573633723
0	0.433159377070383
0	0.60506772953032
0	0.467180286436508
0	0.219792494393896
0	0.310556293352749
0	0.538862186293171
0	0.292861140752745
0	0.341189489573896
0	0.323798627685396
0	0.556348526347376
0	0.618933887451996
0	0.651725212303876
0	0.313424761550605
0	0.351563605013562
0	0.294409849541787
0	0.572235733338108
0	0.584467591017675
0	0.254495239186595
0	0.209706191114888
0	0.368927870354964
0	0.378964712645103
0	0.277560943454992
0	0.541501844270548
0	0.558652012402758
0	0.682437619066957
0	0.123931346694238
0	0.450767967909687
0	0.710405337700205
0	0.347384874248213
0	0.707951816973707
0	0.303394885814086
0	0.0698982255440194
0	0.698984035322658
0	0.325016894033252
0	0.733594205512862
0	0.239186935151321
0	0.638363066190725
0	0.432296086650726
0	0.41386303074542
0	0.232166333589936
0	0.783107088558714
0	0.364113623561073
0	0.673082462183797
0	0.171046443916316
0	0.109380145539956
0	0.448909811869904
0	0.391027463479425
0	0.736527205649513
0	0.649024637341984
0	0.666174814428044
0	0.281863780826411
0	0.348681199953218
0	0.319508456197351
0	0.499041722314256
0	0.230391549058726
0	0.556519874667853
0	0.794022759856533
0	0.310672025159352
0	0.474084111276177
0	0.767525817998841
0	0.530810233900487
0	0.533911770077188
0	0.280233147503107
0	0.610257529470874
0	0.66558059330988
0	0.246016942389731
0	0.457118285897203
0	0.320500301314274
0	0.524149284598042
0	0.518183721047234
0	0.524298198337274
0	0.155445992437886
0	0.598329953378817
0	0.455966796015313
0	0.19449082004615
0	0.733971828620247
0	0.765044794125764
0	0.595280510122245
0	0.321930535262388
0	0.154535027434994
0	0.609689893324749
0	0.477347109387412
0	0.537677838101691
0	0.547376684259969
0	0.332400615998365
0	0.538825587104068
0	0.805541986845991
0	0.585553196629417
0	0.531475937008538
0	0.509933451316522
0	0.738020278650576
0	0.510343028410591
0	0.643442358051654
0	0.463221713686756
0	0.40041148677145
0	0.39213299332889
0	0.36566679611583
0	0.771127329244694
0	0.525619377216174
0	0.69458670943388
0	0.787110860693796
0	0.0740000215685803
0	0.566528875782884
0	0.37922191296232
0	0.407128331389973
0	0.580381963030239
0	0.568088238673642
0	0.216224163219173
0	0.371836344228833
0	0.441325228373729
0	0.496352188253835
0	0.191772063079936
0	0.444472487314297
0	0.61984002893211
0	0.105621391453007
0	0.712448240366481
0	0.265810464102975
0	0.235009647226971
0	0.434923249065277
0	0.177040832675346
0	0.624024128274892
0	0.277674304700787
0	0.388043887627592
0	0.354011033429365
0	0.407799873350784
0	0.490108877715344
0	0.391613624371109
0	0.527242982445019
0	0.624527553203233
0	0.3812585966818
0	0.613604262016369
0	0.595213638404599
0	0.243999781568078
0	0.352051916184078
0	0.760587790539602
0	0.612048501262274
0	0.165973441670096
0	0.143433401765688
0	0.303899985411492
0	0.578551865945474
0	0.465924501171608
0	0.285066494382152
0	0.235885658547595
0	0.216438180768719
0	0.519941716184054
0	0.400251093545099
0	0.279354529002584
0	0.269683861660106
0	0.130505458107845
0	0.522540614136186
0	0.313676480370309
0	0.561846939566809
0	0.163532735673981
0	0.161078132982865
0	0.366232686540175
0	0.490566385056417
0	0.762743915798327
0	0.216831851467649
0	0.430376486193435
0	0.520348889505883
0	0.226250332119992
0	0.261153403825461
0	0.552167368844348
0	0.281009828652077
0	0.673060413837026
0	0.266265436931574
0	0.806443756516452
0	0.59226136887552
0	0.160233442553527
0	0.298686679162034
0	0.475932156245721
0	0.750979819969591
0	0.582296816458543
0	0.324305438411099
0	0.450899968284564
0	0.61564290574716
0	0.811214814608905
0	0.272566969798138
0	0.689681939903185
0	0.174535127567243
0	0.867406171419606
0	0.402582409536333
0	0.673291355790153
0	0.386688997391967
0	0.65410182434422
0	0.586832246269698
0	0.394773490651109
0	0.116826798720334
0	0.67886508110877
0	0.62669720249629
0	0.695350298427247
0	0.293268596095201
0	0.556638989713427
0	0.521092564449427
0	0.69049090143064
0	0.19741734112068
0	0.170656638185368
0	0.5858995239031
0	0.365190233638717
0	0.756489188888527
0	0.28262000732255
0	0.191593008184967
0	0.46755896558055
0	0.551234318828045
0	0.52054528570635
0	0.516235794347543
0	0.427455164726823
0	0.500005157931173
0	0.508003184241987
0	0.686500119393036
0	0.639640195122302
0	0.207309736207387
0	0.409705111324093
0	0.404322374154211
0	0.629780021000812
0	0.461794380606026
0	0.457997798461632
0	0.637902354581832
0	0.493088262311998
0	0.185997299906565
0	0.601002872826381
0	0.511500763516546
0	0.46619911589923
0	0.158429503400595
0	0.689113195243035
0	0.313282560714933
0	0.468850756615532
0	0.513161721918137
0	0.485803256193085
0	0.649590982653687
0	0.232698785333183
0	0.584280934002041
0	0.609776794733196
0	0.66042357081038
0	0.62306294304269
0	0.204648148897807
0	0.261721687035785
0	0.190738864679096
0	0.709669801740091
0	0.347079139787854
0	0.597622190774648
0	0.39974950713127
0	0.217553702396119
0	0.267814987741706
0	0.350506824066249
0	0.576314411669529
0	0.253770578642097
0	0.342545351492222
0	0.237848762027002
0	0.306798191304473
0	0.286605177886962
0	0.0705347847642666
0	0.418134080993458
0	0.36996257206338
0	0.465563893728923
0	0.632667676468141
0	0.189007436255088
0	0.473329441671386
0	0.232564685653093
0	0.789169843259
0	0.170619275152738
0	0.856613643649934
0	0.502504095973267
0	0.18911826390011
0	0.851367152335144
0	0.345730362258867
0	0.6305731975116
0	0.197868771212415
0	0.750400764442122
0	0.284836963134521
0	0.732018324719091
0	0.320524056450236
0	0.339764789041921
0	0.603589285290236
0	0.164500022247379
0	0.457090710029976
0	0.401597960792809
0	0.221430461914891
0	0.0640943918514212
0	0.579942552593561
0	0.401668242159225
0	0.226868955235604
0	0.630562639893618
0	0.646155574276045
0	0.728393510990013
0	0.18692346395256
0	0.575078998363363
0	0.740399767632008
0	0.519228627858293
0	0.707408086989853
0	0.243444032951959
0	0.521830418276053
0	0.800455700324855
0	0.159944546405935
0	0.348164148353794
0	0.417379302723327
0	0.164785886899744
0	0.352954463516453
0	0.273044114667537
0	0.480011182960628
0	0.658472211802459
0	0.505359202532494
0	0.275591755442896
0	0.30882998917023
0	0.527232261766368
0	0.388735401090834
0	0.618811480309293
0	0.382755092232237
0	0.418733896346212
0	0.469714488921047
0	0.419031489105687
0	0.280011840996501
0	0.554126176683332
0	0.303381431808154
0	0.228601116437361
0	0.389491483879158
0	0.28870339457956
0	0.551840200251816
0	0.100140484875829
0	0.451789157273471
0	0.661249297908191
0	0.44342739517432
0	0.427424672192988
0	0.192230121796416
0	0.475665952102749
0	0.187565693024764
0	0.425561240169407
0	0.740965979744131
0	0.271612611084309
0	0.477098804691847
0	0.320169619177207
0	0.439650250942752
0	0.527556201606706
0	0.556762733851617
0	0.606445921769254
0	0.684717160433667
0	0.102201392643475
0	0.42818848563519
0	0.58481527327098
0	0.67922997095239
0	0.494845903498429
0	0.782081465842627
0	0.0812601214834793
0	0.212753111780027
0	0.205548672757944
0	0.272484937767279
0	0.322940692324315
0	0.664983214522484
0	0.573386381891892
0	0.122382887482985
0	0.318160605218689
0	0.75282733670887
0	0.571849614443069
0	0.508859473393082
0	0.520788910354682
0	0.769578084552942
0	0.22740216721995
0	0.11482929144605
0	0.372681574754549
0	0.250514474667864
0	0.283359914139027
0	0.320961284024217
0	0.389201974512366
0	0.209724550663434
0	0.167227693614984
0	0.112154968618329
0	0.541692392324004
0	0.44208744200924
0	0.632596709673596
0	0.441728894624326
0	0.310671329008865
0	0.533671266047668
0	0.645055994436035
0	0.297276878435815
0	0.190109577235226
0	0.664600525415301
0	0.713413428614951
0	0.424422374521815
0	0.170004483709892
0	0.673909918339201
0	0.403115973173506
0	0.155464283061061
0	0.38130529168321
0	0.847978490940022
0	0.302619037388665
0	0.382039417853575
0	0.367627421126559
0	0.453388357329758
0	0.0972029886832851
0	0.596231957259872
0	0.295822710053915
0	0.633002219591806
0	0.539986840602275
0	0.479169193783294
0	0.520450580053237
0	0.385552150696401
0	0.374540771435417
0	0.539110737491318
0	0.17564993274964
0	0.533582600832568
0	0.412713639674563
0	0.458724132787167
0	0.360389690672791
0	0.234577640254861
0	0.648859042607839
0	0.230763161076028
0	0.368841561310832
0	0.415128138839274
0	0.326338392428008
0	0.347294239692444
0	0.149607104025228
0	0.338975646013808
0	0.279834830588351
0	0.133451074336449
0	0.636775096092754
0	0.649029056821016
0	0.467252824745141
0	0.417291937913432
0	0.66300474211986
0	0.232901902330809
0	0.251435816350062
0	0.133225742375444
0	0.29337306168062
0	0.63734930887766
0	0.296355131334343
0	0.648934433617079
0	0.64399263159043
0	0.386242218841726
0	0.5855236827283
0	0.744871274729596
0	0.439428970846235
0	0.631888645445877
0	0.284371938773338
0	0.294372352345091
0	0.529915781954575
0	0.260439705924971
0	0.30221287894088
0	0.408525471441341
0	0.522514003082586
0	0.628487523665244
0	0.746550698779151
0	0.3011520230152
0	0.562368566260888
0	0.121870586220466
0	0.627036476302653
0	0.381053521568273
0	0.215263973394255
0	0.0902176977338418
0	0.261444252407769
0	0.501476175808948
0	0.699147577244414
0	0.412848664125719
0	0.532216727992021
0	0.288950026439163
0	0.564373268891731
0	0.359159298680645
0	0.31210585814599
0	0.426630615559011
0	0.643380821746185
0	0.557783094599832
0	0.767466791926531
0	0.561946926773035
0	0.146550965579787
0	0.424271381642935
0	0.359501995297393
0	0.297627741906847
0	0.637851233470421
0	0.407232840589796
0	0.31164965137814
0	0.137637846247248
0	0.225789918433825
0	0.109766493602952
0	0.0932580351449564
0	0.310369179576938
0	0.530317155916317
0	0.669913027208272
0	0.264692340651402
0	0.208807412183915
0	0.406292311931843
0	0.400827970360164
0	0.348194289871707
0	0.485267562254437
0	0.598120855257308
0	0.241107177436248
0	0.57841361304163
0	0.766391487527099
0	0.365383309194535
0	0.764708477883724
0	0.186410785173615
0	0.356923686554747
0	0.293685286377632
0	0.470967645761362
0	0.512825034007183
0	0.854037925632506
0	0.393910359197958
0	0.236742557744382
0	0.552873364386736
0	0.361392536922555
0	0.0304792485881974
0	0.333616702202063
0	0.676337607236936
0	0.407850047634449
0	0.65244180111224
0	0.343346424295646
0	0.299820963828869
0	0.409994273511554
0	0.619191516340487
0	0.331674082722537
0	0.451859021167727
0	0.386521039987897
0	0.369881392724473
0	0.190424125870796
0	0.298891841844934
0	0.125294482853448
0	0.339575994439513
0	0.638549654740866
0	0.517769450854966
0	0.256153817059255
0	0.0883037152383649
0	0.356494324400621
0	0.634769594419356
0	0.237841167298798
0	0.240510219445657
0	0.612932680398525
0	0.309905835703693
0	0.658432942290317
0	0.426612896820882
0	0.383363006186331
0	0.103789895722894
0	0.232041282934625
0	0.694687751852278
0	0.505585283592043
0	0.648552273957555
0	0.347149168336914
0	0.436856987699217
0	0.392836206197908
0	0.470587856683016
0	0.735370905104012
0	0.383832021139458
0	0.321857839590332
0	0.381131817269171
0	0.254245776209067
0	0.577077972155508
0	0.340832412857575
0	0.241380212720972
0	0.348958664398616
0	0.427527605762835
0	0.831291675048073
0	0.182153058525683
0	0.299553783563275
0	0.508940840480542
0	0.583872035766364
0	0.552074730146265
0	0.264702095230359
0	0.714843634279501
0	0.471195752728877
0	0.478039062213155
0	0.220003543727491
